3.333333333333333287e-02
6.666666666666666574e-02
1.333333333333333315e-01
1.666666666666666574e-01
2.000000000000000111e-01
2.333333333333333370e-01
2.666666666666666630e-01
3.333333333333333148e-01
3.666666666666666408e-01
4.000000000000000222e-01
4.333333333333333481e-01
4.666666666666666741e-01
5.333333333333333259e-01
5.666666666666666519e-01
5.999999999999999778e-01
6.333333333333333037e-01
6.666666666666666297e-01
7.333333333333332815e-01
7.666666666666667185e-01
8.000000000000000444e-01
8.333333333333333703e-01
8.666666666666666963e-01
9.333333333333333481e-01
9.666666666666666741e-01
1.000000000000000000e+00
1.033333333333333437e+00
1.066666666666666652e+00
1.133333333333333304e+00
1.166666666666666741e+00
1.199999999999999956e+00
1.233333333333333393e+00
1.266666666666666607e+00
1.333333333333333259e+00
1.366666666666666696e+00
1.399999999999999911e+00
1.433333333333333348e+00
1.466666666666666563e+00
1.533333333333333437e+00
1.566666666666666652e+00
1.600000000000000089e+00
1.633333333333333304e+00
1.666666666666666741e+00
1.733333333333333393e+00
1.766666666666666607e+00
1.800000000000000044e+00
1.833333333333333259e+00
1.866666666666666696e+00
1.933333333333333348e+00
1.966666666666666563e+00
2.000000000000000000e+00
2.033333333333333215e+00
2.066666666666666874e+00
2.133333333333333304e+00
2.166666666666666519e+00
2.200000000000000178e+00
2.233333333333333393e+00
2.266666666666666607e+00
2.333333333333333481e+00
2.366666666666666696e+00
2.399999999999999911e+00
2.433333333333333126e+00
2.466666666666666785e+00
2.533333333333333215e+00
2.566666666666666874e+00
2.600000000000000089e+00
2.633333333333333304e+00
2.666666666666666519e+00
2.733333333333333393e+00
2.766666666666666607e+00
2.799999999999999822e+00
2.833333333333333481e+00
2.866666666666666696e+00
2.933333333333333126e+00
2.966666666666666785e+00
3.000000000000000000e+00
3.033333333333333215e+00
3.066666666666666874e+00
3.100000000000000089e+00
3.133333333333333304e+00
3.166666666666666519e+00
3.200000000000000178e+00
3.233333333333333393e+00
3.266666666666666607e+00
3.299999999999999822e+00
3.333333333333333481e+00
3.366666666666666696e+00
3.399999999999999911e+00
3.433333333333333126e+00
3.466666666666666785e+00
3.500000000000000000e+00
3.533333333333333215e+00
3.566666666666666874e+00
3.600000000000000089e+00
3.633333333333333304e+00
3.666666666666666519e+00
3.700000000000000178e+00
3.733333333333333393e+00
3.766666666666666607e+00
3.799999999999999822e+00
3.833333333333333481e+00
3.866666666666666696e+00
3.899999999999999911e+00
3.933333333333333126e+00
3.966666666666666785e+00
4.000000000000000000e+00
4.033333333333333215e+00
4.066666666666666430e+00
4.099999999999999645e+00
4.133333333333333748e+00
4.166666666666666963e+00
4.200000000000000178e+00
4.233333333333333393e+00
4.266666666666666607e+00
4.299999999999999822e+00
4.333333333333333037e+00
4.366666666666666252e+00
4.400000000000000355e+00
4.433333333333333570e+00
4.466666666666666785e+00
4.500000000000000000e+00
4.533333333333333215e+00
4.566666666666666430e+00
4.599999999999999645e+00
4.633333333333333748e+00
4.666666666666666963e+00
4.700000000000000178e+00
4.733333333333333393e+00
4.766666666666666607e+00
4.799999999999999822e+00
4.833333333333333037e+00
4.866666666666666252e+00
4.900000000000000355e+00
4.933333333333333570e+00
4.966666666666666785e+00
5.000000000000000000e+00
5.033333333333333215e+00
5.066666666666666430e+00
5.099999999999999645e+00
5.133333333333333748e+00
5.166666666666666963e+00
5.200000000000000178e+00
5.233333333333333393e+00
5.266666666666666607e+00
5.299999999999999822e+00
5.333333333333333037e+00
5.366666666666666252e+00
5.400000000000000355e+00
5.433333333333333570e+00
5.466666666666666785e+00
5.500000000000000000e+00
5.533333333333333215e+00
5.566666666666666430e+00
5.599999999999999645e+00
5.633333333333333748e+00
5.666666666666666963e+00
5.700000000000000178e+00
5.733333333333333393e+00
5.766666666666666607e+00
5.799999999999999822e+00
5.833333333333333037e+00
5.866666666666666252e+00
5.900000000000000355e+00
5.933333333333333570e+00
5.966666666666666785e+00
6.000000000000000000e+00
6.033333333333333215e+00
6.066666666666666430e+00
6.099999999999999645e+00
6.133333333333333748e+00
6.166666666666666963e+00
6.200000000000000178e+00
6.233333333333333393e+00
6.266666666666666607e+00
6.299999999999999822e+00
6.333333333333333037e+00
6.366666666666666252e+00
6.400000000000000355e+00
6.433333333333333570e+00
6.466666666666666785e+00
6.500000000000000000e+00
6.533333333333333215e+00
6.566666666666666430e+00
6.599999999999999645e+00
6.633333333333333748e+00
6.666666666666666963e+00
6.700000000000000178e+00
6.733333333333333393e+00
6.766666666666666607e+00
6.799999999999999822e+00
6.833333333333333037e+00
6.866666666666666252e+00
6.900000000000000355e+00
6.933333333333333570e+00
6.966666666666666785e+00
7.000000000000000000e+00
7.033333333333333215e+00
7.066666666666666430e+00
7.099999999999999645e+00
7.133333333333333748e+00
7.166666666666666963e+00
7.200000000000000178e+00
7.233333333333333393e+00
7.266666666666666607e+00
7.299999999999999822e+00
7.333333333333333037e+00
7.366666666666666252e+00
7.400000000000000355e+00
7.433333333333333570e+00
7.466666666666666785e+00
7.500000000000000000e+00
7.533333333333333215e+00
7.566666666666666430e+00
7.599999999999999645e+00
7.633333333333333748e+00
7.666666666666666963e+00
7.700000000000000178e+00
7.733333333333333393e+00
7.766666666666666607e+00
7.799999999999999822e+00
7.833333333333333037e+00
7.866666666666666252e+00
7.900000000000000355e+00
7.933333333333333570e+00
7.966666666666666785e+00
8.000000000000000000e+00
8.033333333333333215e+00
8.066666666666666430e+00
8.099999999999999645e+00
8.133333333333332860e+00
8.166666666666666075e+00
8.199999999999999289e+00
8.233333333333332504e+00
8.266666666666667496e+00
8.300000000000000711e+00
8.333333333333333925e+00
8.366666666666667140e+00
8.400000000000000355e+00
8.433333333333333570e+00
8.466666666666666785e+00
8.500000000000000000e+00
8.533333333333333215e+00
8.566666666666666430e+00
8.599999999999999645e+00
8.633333333333332860e+00
8.666666666666666075e+00
8.699999999999999289e+00
8.733333333333332504e+00
8.766666666666667496e+00
8.800000000000000711e+00
8.833333333333333925e+00
8.866666666666667140e+00
8.900000000000000355e+00
8.933333333333333570e+00
8.966666666666666785e+00
9.000000000000000000e+00
9.033333333333333215e+00
9.066666666666666430e+00
9.099999999999999645e+00
9.133333333333332860e+00
9.199999999999999289e+00
9.233333333333332504e+00
9.266666666666667496e+00
9.300000000000000711e+00
9.333333333333333925e+00
9.400000000000000355e+00
9.433333333333333570e+00
9.466666666666666785e+00
9.500000000000000000e+00
9.533333333333333215e+00
9.599999999999999645e+00
9.633333333333332860e+00
9.666666666666666075e+00
9.699999999999999289e+00
9.733333333333332504e+00
9.800000000000000711e+00
9.833333333333333925e+00
9.866666666666667140e+00
9.900000000000000355e+00
9.933333333333333570e+00
1.000000000000000000e+01
1.003333333333333321e+01
1.006666666666666643e+01
1.009999999999999964e+01
1.013333333333333286e+01
1.019999999999999929e+01
1.023333333333333250e+01
1.026666666666666750e+01
1.030000000000000071e+01
1.033333333333333393e+01
1.040000000000000036e+01
1.043333333333333357e+01
1.046666666666666679e+01
1.050000000000000000e+01
1.053333333333333321e+01
1.059999999999999964e+01
1.063333333333333286e+01
1.066666666666666607e+01
1.069999999999999929e+01
1.073333333333333250e+01
1.080000000000000071e+01
1.083333333333333393e+01
1.086666666666666714e+01
1.090000000000000036e+01
1.093333333333333357e+01
1.100000000000000000e+01
1.103333333333333321e+01
1.106666666666666643e+01
1.109999999999999964e+01
1.113333333333333286e+01
1.119999999999999929e+01
1.123333333333333250e+01
1.126666666666666750e+01
1.130000000000000071e+01
1.133333333333333393e+01
1.140000000000000036e+01
1.143333333333333357e+01
1.146666666666666679e+01
1.150000000000000000e+01
1.153333333333333321e+01
1.159999999999999964e+01
1.163333333333333286e+01
1.166666666666666607e+01
1.169999999999999929e+01
1.173333333333333250e+01
1.180000000000000071e+01
1.183333333333333393e+01
1.186666666666666714e+01
1.190000000000000036e+01
1.193333333333333357e+01
1.200000000000000000e+01
1.203333333333333321e+01
1.206666666666666643e+01
1.209999999999999964e+01
1.213333333333333286e+01
1.219999999999999929e+01
1.223333333333333250e+01
1.226666666666666750e+01
1.230000000000000071e+01
1.233333333333333393e+01
1.240000000000000036e+01
1.243333333333333357e+01
1.246666666666666679e+01
1.250000000000000000e+01
1.253333333333333321e+01
1.259999999999999964e+01
1.263333333333333286e+01
1.266666666666666607e+01
1.269999999999999929e+01
1.273333333333333250e+01
1.280000000000000071e+01
1.283333333333333393e+01
1.286666666666666714e+01
1.290000000000000036e+01
1.293333333333333357e+01
1.300000000000000000e+01
1.303333333333333321e+01
1.306666666666666643e+01
1.309999999999999964e+01
1.313333333333333286e+01
1.319999999999999929e+01
1.323333333333333250e+01
1.326666666666666750e+01
1.330000000000000071e+01
1.333333333333333393e+01
1.340000000000000036e+01
1.343333333333333357e+01
1.346666666666666679e+01
1.350000000000000000e+01
1.353333333333333321e+01
1.359999999999999964e+01
1.363333333333333286e+01
1.366666666666666607e+01
1.369999999999999929e+01
1.373333333333333250e+01
1.380000000000000071e+01
1.383333333333333393e+01
1.386666666666666714e+01
1.390000000000000036e+01
1.393333333333333357e+01
1.400000000000000000e+01
1.403333333333333321e+01
1.406666666666666643e+01
1.409999999999999964e+01
1.413333333333333286e+01
1.419999999999999929e+01
1.423333333333333250e+01
1.426666666666666750e+01
1.430000000000000071e+01
1.433333333333333393e+01
1.440000000000000036e+01
1.443333333333333357e+01
1.446666666666666679e+01
1.450000000000000000e+01
1.453333333333333321e+01
1.459999999999999964e+01
1.463333333333333286e+01
1.466666666666666607e+01
1.469999999999999929e+01
1.473333333333333250e+01
1.480000000000000071e+01
1.483333333333333393e+01
1.486666666666666714e+01
1.490000000000000036e+01
1.493333333333333357e+01
1.500000000000000000e+01
1.503333333333333321e+01
1.506666666666666643e+01
1.509999999999999964e+01
1.513333333333333286e+01
1.519999999999999929e+01
1.523333333333333250e+01
1.526666666666666750e+01
1.530000000000000071e+01
1.533333333333333393e+01
1.540000000000000036e+01
1.543333333333333357e+01
1.546666666666666679e+01
1.550000000000000000e+01
1.553333333333333321e+01
1.559999999999999964e+01
1.563333333333333286e+01
1.566666666666666607e+01
1.569999999999999929e+01
1.573333333333333250e+01
1.580000000000000071e+01
1.583333333333333393e+01
1.586666666666666714e+01
1.590000000000000036e+01
1.593333333333333357e+01
1.600000000000000000e+01
1.603333333333333499e+01
1.606666666666666643e+01
1.610000000000000142e+01
1.613333333333333286e+01
1.619999999999999929e+01
1.623333333333333428e+01
1.626666666666666572e+01
1.630000000000000071e+01
1.633333333333333215e+01
1.639999999999999858e+01
1.643333333333333357e+01
1.646666666666666501e+01
1.650000000000000000e+01
1.653333333333333499e+01
1.660000000000000142e+01
1.663333333333333286e+01
1.666666666666666785e+01
1.669999999999999929e+01
1.673333333333333428e+01
1.680000000000000071e+01
1.683333333333333215e+01
1.686666666666666714e+01
1.689999999999999858e+01
1.693333333333333357e+01
1.700000000000000000e+01
1.703333333333333499e+01
1.706666666666666643e+01
1.710000000000000142e+01
1.713333333333333286e+01
1.719999999999999929e+01
1.723333333333333428e+01
1.726666666666666572e+01
1.730000000000000071e+01
1.733333333333333215e+01
1.739999999999999858e+01
1.743333333333333357e+01
1.746666666666666501e+01
1.750000000000000000e+01
1.753333333333333499e+01
1.760000000000000142e+01
1.763333333333333286e+01
1.766666666666666785e+01
1.769999999999999929e+01
1.773333333333333428e+01
1.780000000000000071e+01
1.783333333333333215e+01
1.786666666666666714e+01
1.789999999999999858e+01
1.793333333333333357e+01
1.800000000000000000e+01
1.803333333333333499e+01
1.806666666666666643e+01
1.810000000000000142e+01
1.813333333333333286e+01
1.819999999999999929e+01
1.823333333333333428e+01
1.826666666666666572e+01
1.830000000000000071e+01
1.833333333333333215e+01
1.839999999999999858e+01
1.843333333333333357e+01
1.846666666666666501e+01
1.850000000000000000e+01
1.853333333333333499e+01
1.860000000000000142e+01
1.863333333333333286e+01
1.866666666666666785e+01
1.869999999999999929e+01
1.873333333333333428e+01
1.880000000000000071e+01
1.883333333333333215e+01
1.886666666666666714e+01
1.889999999999999858e+01
1.893333333333333357e+01
1.900000000000000000e+01
1.903333333333333499e+01
1.906666666666666643e+01
1.910000000000000142e+01
1.913333333333333286e+01
1.919999999999999929e+01
1.923333333333333428e+01
1.926666666666666572e+01
1.930000000000000071e+01
1.933333333333333215e+01
1.939999999999999858e+01
1.943333333333333357e+01
1.946666666666666501e+01
1.950000000000000000e+01
1.953333333333333499e+01
1.960000000000000142e+01
1.963333333333333286e+01
1.966666666666666785e+01
1.969999999999999929e+01
1.973333333333333428e+01
1.980000000000000071e+01
1.983333333333333215e+01
1.986666666666666714e+01
1.989999999999999858e+01
1.993333333333333357e+01
2.000000000000000000e+01
2.003333333333333499e+01
2.006666666666666643e+01
2.010000000000000142e+01
2.013333333333333286e+01
2.019999999999999929e+01
2.023333333333333428e+01
2.026666666666666572e+01
2.030000000000000071e+01
2.033333333333333215e+01
2.039999999999999858e+01
2.043333333333333357e+01
2.046666666666666501e+01
2.050000000000000000e+01
2.053333333333333499e+01
2.060000000000000142e+01
2.063333333333333286e+01
2.066666666666666785e+01
2.069999999999999929e+01
2.073333333333333428e+01
2.080000000000000071e+01
2.083333333333333215e+01
2.086666666666666714e+01
