4334490
4283490
0
4026450
4089180
3831630
4465560
4148085
0
4710360
4242180
4146300
4114680
4300830
255
4175880
3747735
3968310
3832140
4303380
1275
3921900
4128960
4063680
3916290
3548835
0
4142220
4231470
4222545
3756915
3560565
0
3334125
3279810
3274710
2939385
3014865
1020
2810355
2787915
2679285
2728245
2480385
2805
2592330
2453865
2334270
2277150
2394960
1275
2292195
2273835
2366655
2445705
2366400
0
2302140
2269500
2342685
2168775
2361810
0
2268480
2730285
2323305
2357730
2381445
255
2555100
2527815
2417910
2856000
2379405
255
2713200
2558160
2367930
2492370
2547195
255
2447745
2385780
2716515
2468910
2504610
1020
2447490
91229310
5647230
2502570
5629380
5358315
2428365
5229795
5447310
2467890
5374380
5402940
2281230
5155845
5397585
2183310
4661400
4910025
1968855
4620600
4541805
1639140
4334745
4204440
1616700
4172565
4095045
1725075
4010640
3656700
1498890
3619725
3485595
1511130
3498090
3503700
1240575
2973555
3197445
1181415
3012570
2922810
995520
2537760
2663475
755055
2723910
2402100
904995
2233545
2464320
1059015
2417910
2144550
1145715
2174130
2329680
760155
2156025
2161125
790245
2335545
2100945
839460
2250885
2042040
887400
2201925
2189685
967725
2328405
2081055
886125
2248590
2570400
801975
2209830
2260830
933810
2120070
2144550
971295
2171580
2204220
937380
2221560
2221305
913410
2331975
2330445
840480
2384760
2304435
1057995
2318970
2334525
950640
2346000
2158065
906525
2146845
2170050
965175
2114460
1989000
875670
1739610
4099890
2267205
6632040
7223640
4002990
7587270
7783620
3995340
7684170
7667085
3993045
7581150
7523520
3509055
7540860
7559730
3653895
7761435
7493175
3966780
7509240
7658925
3841830
7984560
7796115
4135080
7942230
8123280
4506105
8357880
7826205
3959640
8307900
8271435
4222035
8429790
8396385
4051185
8467020
8759505
3804855
8512665
8874255
4204950
8519805
8570040
4145025
8640930
8696010
4099635
8577690
8484870
4163385
8146995
8735280
4198575
8429535
8465745
4189395
8665410
8526180
3848460
8351250
8271690
3663330
8635575
8295660
3522825
8484105
8671020
3810210
8558820
8813565
3846930
8368335
8667960
4084335
85889100
11407680
11223570
0
11257740
11311035
11241930
11538750
11186850
510
11203425
11311800
11098110
11395185
11063430
1020
11164920
10929045
11224080
10737795
10577655
2295
10630185
10124265
10561080
10194645
10433325
0
10529460
10405020
10746975
10720200
10624830
0
10948680
10973670
10747995
10603665
10452450
0
10470045
10714590
10450920
10920375
10253295
1275
10284150
9953925
10286190
9845550
9868245
2040
9766245
9524250
9699435
9457695
9585195
0
9425310
8841870
8918625
8854620
8689890
255
8568255
8498895
8631495
8786025
8654445
1785
8874000
9112170
8992320
9164190
9036435
1275
9275370
9178470
9220545
9104520
9387570
765
9507930
9420210
9766500
9346005
9535215
0
9624975
9310305
9485490
9059130
9563775
255
9526545
9042045
9088455
8981610
8998950
255
9118035
9007365
8791380
9017310
8635575
2040
8642970
8271945
8302545
7956510
8090640
2040
7856040
7566105
7607160
7177485
7069620
0
6898515
6466035
6415545
6134790
6162585
0
6138105
5983065
5917785
5633715
5414160
3315
5250960
5011770
4826130
4982955
4829190
0
4924305
4743510
4885290
4958985
5054355
2295
5084190
4827915
4858770
4923540
5075265
1020
5173950
4945725
5297115
5159925
4946235
1020
5065320
5142330
5268810
5299665
5308845
0
5527125
5324145
5359335
5443995
5699505
255
5591640
5439915
5547270
5687775
5984340
255
6113115
6057015
6412740
6514485
6687375
510
6933195
6916110
7105065
7135920
7343745
8670
7340940
7234350
7042845
7314420
7239450
1020
7612515
7852980
8008785
8385675
8339010
6375
8387205
8209725
8218650
8001645
8107470
1020
8150310
7890465
7745880
7809885
7941720
0
8048055
8021280
8460135
8156175
8307645
0
8338500
8437440
8328555
8518020
8627160
2295
8630985
8617725
8442285
8710290
8380575
2295
8732220
8373690
8650110
8416785
8713095
1530
8962995
8716665
9070605
8891340
9268995
510
9399555
9129255
9194790
8782965
9227430
765
9293220
9145830
9305715
9198870
9141495
1785
9314385
9469935
9285060
9588765
9440610
2805
9546435
9496965
9719325
9649965
10049295
765
10163025
9985290
10286700
10311435
10492740
0
10535325
10397880
10413945
10256100
10347135
17850
10465200
10303530
10293585
10368300
10139310
1530
10303020
10306590
10061535
10228050
9842490
255
9841980
9555360
9355950
9001500
9033375
510
8715900
8305605
8181165
7675755
7490625
0
7374345
7035195
6884235
6575430
6444105
0
6543045
6296460
6342360
6239850
6059055
0
6146010
6263565
6264330
6474195
6457110
510
6698085
6571605
6544575
6701910
6745770
0
6686865
6722820
6464760
6438495
6296715
0
6378825
6036615
6054975
5788500
5902230
0
5922630
5656665
5788245
5716590
5606175
255
5586030
5460570
5429715
5466690
5264985
1530
5281560
5055375
4841685
4762125
4680270
255
4698375
4551240
4585920
4459950
